0 0.198004 0.35947 0.101914 0.195869
0 0.768182 0.365036 0.10517 0.191133
0 0.311156 0.360999 0.111737 0.196618
0 0.089167 0.356356 0.104073 0.194693
0 0.652313 0.364893 0.103428 0.191411
0 0.434556 0.36338 0.104011 0.195467
0 0.542781 0.362414 0.0991188 0.195545
0 0.883014 0.365039 0.107144 0.189617
0 0.427875 0.704955 0.1127 0.291477
0 0.55449 0.700714 0.113766 0.28391
0 0.906909 0.703656 0.112774 0.288577
0 0.789311 0.694157 0.114218 0.315042
0 0.1955 0.70055 0.107218 0.287579
0 0.673408 0.698798 0.100829 0.286699
0 0.308618 0.697421 0.103996 0.284219
0 0.0764358 0.696558 0.118983 0.288113
